0 -434 2 310420432321111163552042350342353042535211522344444151545044313441242135611361301303223045560604502140064166151156261545404034434045151630515362303551253523412356160051453323651214413606431012642410066643140330521502340166510243451606303610165
10 -36 12 024411650145656263216352301434401142535211502344444155552653360040033532546020413536060266056621502142060166151156261545404034434065151330115362303551223526412356161051453323651214413606431303361454425225455233044100652235425134420423503013636
20 -116 12 435116145244110225663541223414416035655533112331450342553665065162132214333502520305520131306630302122064541155453261415204034434045151630515362350306143100440404204014451453236123416206363303360454425225454131203341016521401351003435536654020
30 -1 7 024231650145656263216322351403401164335326255331450342521653325040401356036456315303123045560604502142064466155144261545204034434005461630515262303551223523412356160051453333651455603106363603361254455325452134203341060166510243456132566531320
40 -11 6 025231655145656243216252301404461126335625255114554643664662305440242135611361301053023045460604532140064160151156562515205034434045151620515262351204502124435233266151153355216055603106363613361454452325454131203341006566101243462132566561320
50 -44 10 100223040306004264415530353106113022402415255541446643664662365440243134611361401353023045460604532143064120151156662545454634443345163162413366150660502623412336114634453326013455603116363203361454455324154135502341053166113263442101022304045
60 -7 15 160223140345656263512530253121113015655525255541445155554632465040146354611366104053023045351116402436136464050525011652304034434045163630615266300360005124405233136034451465466155603130120163461154451320450415111301053366520143466103022312026
70 -18 19 664421251106204252213530353156112662442415255531442142662664365253265106313564536050102406055116426566146444051126121525304042541345163136413466300300002124235234162151153035266155603120123163461154451024450415115301016536402352156163022316025
80 0 20 160421251106204252213520353156112124335420255531244313652651361050133535560361501653023045354116461666132600051156154215354024443340160566413506155360502623612232261151153325666155603120163616561154412323154134003341016556450203562163426061320
90 -37 38 160421251106204252213320353156112154635420255630444313651651361050133535510361601053163041354110426562122664051156161315111034443535461620215216300600502623622232262151153325266155603130523162561154252624154134003341016546453006564163422316624
100 13 44 150421251106234252613326353156112155625420255531444303651651361050133535410561601053563041354231425436531660053056144215354424443335364130415226300600202623612232212151123635216153603130163616551155412624153134033341516560520143462463422316025
110 -1 54 650421251106254252243340363616112154655420251031445363651651461050433535560461601053133046254136406262622664050356144212354024543355461620215316300600552623622232262151153325264155603130513166252155414323154134053311016546450146426663522353053
120 -16 72 650421251106254252243340363616112154654420251031445363652651461050433535560461601053133046254136406262622664050356144212354024543355461620215316300610552623622232262151153325264155603130513166252155414323154134053313016546350146426663522353053
130 16 122 150631256601254252243340362666113154654420251031445363351651064040466535660441601053163046250136406262632661053356544213356024542355461620245316300600552623622232262151153325664151303530513163251155624323154134053311016546350136426163522315065
140 32 115 650423651156254250243300353116112154656420210031446563655452611050430511061461221053133103252251425416564650053356164212354024513355461620315315300204552623622631262151153325214155406160513166252150414323154144033311612556255666512663452353053
150 18 98 651422155106254252542340363610352153654430255033435363654653464350433625415364603053133103254251425436544650053356164214654024213355461640315315300604552624622631262151153325264155656100123166254155415151154020002216516652402366512563424255065
160 26 112 650322151156254252552340363610352151655430253033655326654653464050433625015366661053133146254250425436544150052356164212654004440355561620204115300604052623624651262151153355666151616452516166262155214323154634053314063646456306526106422253065
170 29 134 650322151156252252562346125314352153654430253033655323654653464050433425415364101053133142254250045416544150053356164212614004440355561620204145300601052623624651262151153355666151616452516166262155214323154234053314063646456306526206421253065
180 16 125 650322151656251252562346125314352154654430253033055426654653464450433626015366601053133146254250415452622666053356665224614024213355461646335315000600554153662232232156150325166151616452511166265155214323152634033401510032202306500166025355665
190 77 155 650131151656252252161346325114352153254466255035435366653033464050633623215466661053133140254250515452622661053356164014014024113345461646335123000600062624622661663151155353666161616352546166262155210323154534040500012546460626526106622455615
200 62 182 652332151656252255562346120314352154655232250433633336254252464050236625016362651053635103251356425466542260052356154212654004113345461620263165300064052624612631662151153355666151606452516163262155654323152644063354063646456406526104622655014
210 108 231 652332151256252252462343120316352154655232250433633336254252461450433625016362651053631103250250424433344541052351160014654004113345461655335655050601552224322624662151151355666153616402516156221155614323154235053500014545433621036406122253034
220 99 226 652332151656252252362342121354352154254032250030633366252252264052233625453366661053633503255255425433344340052356155212653004112355431620265123000600056624602436162151151355663151216452411366626155210323154534050563013644420621326006122253035
230 126 269 652332150256262251462312625354356154654032250030653366256252264052263625453366661053633503255155425433344340052356155212654005113315461625335655050600152623025636162151151335163151216462516166356155230323154534050553013644421021326006022253044
240 164 290 652352150256252252662142665354352154654030250030653366250252264052233625653363661053333103255255425433344340052356155212653004112355431620265124000600056624642446162351151355660151666452511166256155210323154534250504044546460624356126022253004
250 166 298 652332151256253252666310231354352154654032250030053366256202264052233625452316662053633503055252455433344340052356355212653004143345461656516652050604406624602451132151155354652151626452511166066155640323154540353204661546230221335104622600015
260 194 317 652355150256656252562142065354354154654032250030653560252252260052223625453516161053163503054256425433364343052356154212654054313345461655266652052605406424602452132151155354652151626452561366356152210061154533350604643546230621335104621653044
270 171 316 652333151256254252666110231354354154654032250030656566252251260052223665053566662053633503054256525313364330052351105266654000113335461655666652041602606426602451132151155354652151621402511366356155210330154540351104614536466621336541222153006
280 204 337 652352150251253252665510236354352154655052250430453226256352256052223225543536662053633103054256210443364340052356154212654004113345461605266652053602603424632555132151155355652151626452111336356155110223154514350665046646624426126601126253006
290 205 345 652352151251253252666510201354352153650032250030453326256050253052223225453561612053633203054056440433364232052356154212654004112345361655262652053655440424003451152151155356652156621400513316126155210324254534253565044566460624356040022153406
300 198 338 652352153253253252015410266354352155654034250030153126256052250052224225253060661053136203054256440433364232052356154212654004112345361655226652053655440434002251152133155354354151626152516166356151150323154540031105043545260624356040022153003
310 194 320 652352151251253252665510232354352150654032251330453226256052250052224225453060661052636203054256440433364232052056151212654004112345363655226652053655440434002451152153155354354151626152516166056151113323154516330265046646624526120051064003314
320 208 355 652352151251253252656530631354352155154133250000453226256052250052224225154060665053623403054056440433364232052352154212653004112345361655262652052604200424652451155151155354354151226152516166256151140423154543130665546644624426160066024350006
330 195 310 652352151252253252656530231154352155152162250030453316254251250053224225400141664053033253054056440133364222052056154212651004142345361655266652053655460434012456352151155354356151000452511161346155250060154514353245043646620113111166004023330
340 219 348 652353151251253252353213231354350153650131250032453326250052255051221221203060564053635253054056240133364222055056154222654406112345361655256652052655465434012456353151155356356155000452511161346155211426154513331045034646624626555406055253006
350 185 344 652353151251253252353433011355352153650133250030453326256052255052224225440151664053034253054056440143364222055056154212654406112345321655266262052255340434312452352154151354654156600312116166336154140423154143336041030641446051031516524052002
360 240 380 652353150254232252353513231356332155654162250050453326256051256052224225400141664053035253054053440333364223052056156212654406112345360055256152052655430434005456352153156354354151660452511131356155140453155620036663046643624306165410116254040
370 245 412 652352151251250252353144436354136155650163255366453316254252254052224221500651664052332260054056442353364222010056155212664406112345360055256152052655430434005416352154155354254151662452526116346151140623154143336041030646612303625163015023630
380 241 405 652353150254232252353523231356332155654122252050453322256051256252224225300141624053035253054053340353364222010056156212664405112345361650262654056655463433214456353151155354356156650454511102356154140323152541226655042543621326125136524321632
390 243 428 652353150252233252353563231356362155614131252050453122256051256253224225000141626053035253054653440353244222050056152212654106112215260054156152052655430434025436352150156354154153660456561166350155140451155600036645243042511303130166052153226
400 281 436 652363150256232252353563231356362155614131152050453122254051256253224225000141626053035536054653440353244222050316145212654406112345260054256255050655432441002436352153156354156153660253511121300155140453155621216166521041262026125636514305630
410 293 472 655353150254232252353563231656362155614131254350063526256051256252224225004041464053035243054653440353364431010054155212654406412365250054256112052655432441012436352153156354152153646556512131350156130253155320036560336663624604521132554221630
420 282 481 654354150254252256353513031356362155614631152050453122256056256253424224030135126053035243054053640353244425050056155216464406112345260054256255050655535440165436352153156352154153610406561131366153155523155541016562536041264426021256130253026
430 243 400 654354150254252256353513061656362155614135252056201102256055256253024226000104624053035243054353540353244462050056152212650406112345260056256205052655430454002455352353156354154153610456561151366154155524155322066200133633624542452361016224106
440 284 460 654354150254232252352563211656662155611131152053254102256055256253024226004041566053035243054653440353364412055256152212650406112345260050256112054650430454303035353154155352154153610406561152310156120453255541016664526001354426025256132253026
450 298 470 654354150252252256355513001656352155614135252056254262256053256252224225004051466053035223054253440353364422050056152216654106612345360056656205052655420454402455352353156354154123660456561151366154155523155441016562036021654424121366136223026
460 286 446 650356154250252256353563211656362155614135251050406122255051256253224226003141464053035523054653440353246422052316252216654406612345310055656235052655220054100030352151156352155153660256561151363154115423150440053200133614026540160340512161606
470 278 429 654362154250252256353563461656332155610125251050406122250053253254254226003141414053035203054253450353366132050054151216334406356365261056656205054651455054000455352353151352150123360436561152310154103546150241012242233041653626024256134223023
480 322 502 654354154252252256353514631656362155610136252056254262256033256252253221004531565052035603253653440353366162050056652216652406612343312056656205054651455051000455352353151352150123160236561152310154103520155241412642233041652456023656133052633
490 301 468 654354154252252256353514231656332155610135251050306122252053256254254226003141466053031203054256450353326152050336652613654406356365261056666205054651455054005455352355151352150153660255511151350154115423150442053300236611254321025254132253036
500 312 450 654352154253233256353513201654332155610136250356106222252053256254254226003145565052035603253653140353364431055054452216634406356365261056656205055651415054000455352356151352154153660255511151350154115423150442053300236611254321025256133052660
510 300 479 654352154253233256353563201654332155610131252356454363251053253252222226003402400053631253254633440353366162050056152216354403355115020054256203054651655054000455352355156351150153660436565154662152143423150402041640234611234603224226434226036
520 318 479 650352154253252254353014402656332152610133252356430300255053255251354222003101424053035256253633043355361134050050152210654501351114050056252203054651655054000455352355151354154155650251511152366152115523150622053310231611662121022254130253136
530 345 470 654352152253233250354514201656332152610033252355330300256352255251354222003601434053035212253633643350361134050050152216364403355160020054256204050661655054044455352355151354154153660266563151316153215525150341453300236614254121025254135352136
540 324 471 654354154253233254353564201656632152616153252356430300255354255251054222003146624053035002253633043355361134054050152112654403355160222054256203054651633054010655352356156351154153660446563155350155165326164452053300236451254321025254112253136
550 315 478 654354150253235251353563201654332152610135252356632200252352255251354222003540024051035212253232003356363134050056142216561403355150222053256043054651656051002425356355151352155153660634521151155155160533150442452620404664254521525264132061116
560 318 504 650352150254233256353214201156332152610635254355432302255355255251354222003544026053035212250233003350561534054054152216314403355160624054256204050663634054034425356355150351150153664634501151150155165326150422452360206112654621225264130641136
570 320 480 654354154250235256356513221653335151610036252356630360255354255251354222005141424053035212253232003356462134050056142213561505325150242054256005054651633054502135350355156355151153660444451151366155165326154042452360236332251621125251155355136
580 354 484 654351154252256256353503231653632152112136252351630300255354255251060222055161426053031212253233000350561554054056152256314403355160625054256603054651633054001455355356156355151153660413451151662155165026150432412522206312354421225266130641136
590 283 425 654354154250233254353533203152232152112136252351630300255354255251060222055141426053032212253233300350562134050055142216654602655160625054150236054651633054502135356350154351154153660546561151153655165322154432146642621514244551022464133652131
600 306 478 655354154250236256353533131653335152610113256353432300255051255251354222055521446053031212253235000350561054054056152214361401354160142054356203054656643002001452355353150355152153260546561150150155165366154332462350202314246526022464133652131
610 317 492 654351153252256256353531203152232152113136252351620360255354255251660222055141426053332214253233002355061134054016156216314401355160112054356203054656643002401452350352150354152153650546241151150655155326154465154322206312356421262216130642133
620 332 496 654351156250235255353533161653332151610034252353361302255354255253604225055140426050051262253233300350562533054036151213361402355160012054350603054651133054502120355356155355151150360022551150150155166366154332462350423564444526022464420253135
630 356 502 654351156250235255353533165653332151610135253353661300255353255253654222055441466053031212253235500350562533054063252216460400354150635054356203054651131054502121355352154355152153360562451150150155655326154422155320456660256211022464155356534
640 325 476 655356154250232255354533161653332156610332253353661300255354250251654221055441466053032252253232601350563534056056152213361403355110012054350402054651133054502120355353150355152153360263551350110155653366155432114544626660256211022464155356534
650 340 488 655356154250234255351533105653332151614035254353665200255354255253650225055545426053032252253333600350663635054056451213361400354150135054351106052651633000400120355355152355152153361542514130150155654322154412154002621535344422225516630552131
660 318 482 655351156250235256353633165653332151610035254353605500255354253253654222055146426051032252253235300350062530014051166016463402355160630052050650054651133053422120352353150355152153365522031150150155634322124632514632621534341424022664130632101
670 370 494 652354153253235250354033105653331151610035253350666303255352255253654222055440461053031113253633200352162533015655156213361401351164012054350643054656663053422160356353150355152153365521350155150155655026254422156502651530341426255616130552135
680 339 474 652354153253235252354033105153331151610035253350666303255352255253654222055146200053031113253633300350062531015615166113361401351164021054351106054651143000003350355356153355152152565502551155150155651326624632414632661534144425025464135552135
690 366 517 653356151254234255354634101151035152610135256350503303255352255253654222055425660053636112256633403352165533015655116213361401351164020054351106054651643003422026353353150355152156565522531150156155634322124422156502651530341426555616134552115
700 311 468 655354153253234250354031125653331151010235251351261303255351251253654222055420461053031103253633200352162533015630166113361401351564021054351103054351143000422326356353150355152152205051350155150155655440254422156502051030311426545416130653603
710 355 500 655354153253235255353634501151035152615135250350461340255356256253654222055320462055031113253635205352162533115630566112361401351544021054350103054351143000422326356353155354152152205522350155150155655544254322256502651532444420523516135654603
720 286 476 655356154253234250354511601651635152615130252351601300255352256252654222055445400054031103253633260352162533115635156614315601351504024054351103054351143000422326356353150354151156564524131150116155655040654422156502551030344426545561105552111
730 323 500 055354154253634256354036001151034152615131256350600300255352256252654222055445400054030113253633205352162532115230566113531401351544341054351103054351143001445626356354150355355156464542031150156155644322154022156503651533341426565426134553115
740 364 480 050355153255232253354533311151315152315231256350600300255352256252654222055445000054630113253633200352163532115230566113565401351544341054451103053351143053412140356351150354351152265422531155156155632322154320156453001533301126555625134553115
750 351 496 055354154253634256354036001151035152615134255355633350256356256253654222055445413054031103253335005355562153013631256114315201352140520055355100054353145053422140354351150354351154363042031150156155332301154062552313101533541116546410123652101
760 366 510 055351156253332253351543301151310152615533156356603335255356254250651222055403400054031103253335005352162562115630566113561201352132520055054205051350563053442640356351150355351156463545431150156155604062152022156503651533311426545621144511103
770 348 490 055354154253634252354036001154034152010133156353603335255356256251654222050445400054031123252335005355562153013634252114361405352130520055054105056650543053422526352354151354351154560540061150156151255400154022153500350040561424555225134652101
780 377 497 055355155253332253351543301151310152215533156353623330255352256251654222055403413055033113253335005355662163016631256614361425312530520055054105056650543053522526352354155355351154164542061150356151255400154022153453251130545424555424134644102
790 332 458 655351156253232253350542301111310153615533156356503330255352256251654222050412000054030123252335003352512650613634552114361401351544330053054106054650345053422350356350150354350156463525061150154151255266154502106500050340561424555245136613112
800 345 470 055356156253330250351513301111310153615533156355623330255356256252354223052414000054330103256330005355652142015631253614461205356544330053054105056250623053412366353356150355351154662543021152151155232326154541153453251530141424255424134543115
810 335 486 055354156256332250351513301151310153215433156356643454255356256251654255056403440054631123252335005354512653616031252156161401356544300053054106056650343053512306356350150354350156463240021153156154230322154024141520300030540264540221135650101
820 389 486 056351156250332253351142304151330153215433156356633330255356256251654255056403400054356204256335005355112650613630552110361401354541330053054104054050315053415326350355150355351116463501121160156154215430151024341126350330541421355024334543115
830 351 486 055354156253330250351512204154310153412433151356626330255352254250254223050444000054351103256234005355110650613631552114361401354541330050054304056050315053022320350355154355351154632063020155156150215400154026141223335336144264540621144616101
840 375 518 055351156253332250351613332151313156612332153316663630255355254250456251056303400054351113252335001356312563616031252114261463351544306053056106054050315053413326356350150354351124162043021153156151230362154125241120300040060263342251164653101
850 357 500 055351156253332254355142321111311153212333151353423330255356250254254222050444110054356223250335006350144663616031041112361400354541366053054104056050315053431226350355150351355154163541061155155150214400154055341226320040050263042121104653101
860 356 498 054354153253336253351114205154313152412530155516643462252253250254224223054303404354356204256335001356362500613131052152361406354541302054254104056250445051445322356352150355356154162001065154156151215525230002156100254040060243042121104663106
870 324 488 050354153253330250351616204154310154412433156356643462252253250254253222050453630054352244256335000350142603616031052152461604356541306651054564053650345052430226350355152356351154514541032110150151215525155623153300250030640264542226144653502
880 310 448 056352153253356250351312244151310152612530155516243462256352256250254224050443000355356204256335001356312560013131052150361406354541300053054114056251346052431526350355150355353154503041065104153151236362155525311522335020350125145324404260130
890 368 492 055355153256332250352613506050613152012532154513062231252352252254255224052446012055356201256335501356312560616031656111461626354541500053050512055050335052431226350355152351351154354522311153153151214466153625146523251030340263302221304613501
900 389 538 056352153253354250351342132151350152112532156513066634254353250254250222050444003055336204253335002350352603616031056153361466354541306056050512055050345052431226351352150351351155554522311153134151414466254625146526163450061263642121104553101
910 348 468 054353153252332250352612132051333153412012154513065230252253250254250221054246001055336254254335001356604363614635522111461406354541304054050113056251346052433222350355152354331154214522311153154151214446154655146526163450061260641311223253605
920 338 462 050352153253356250352113532151310150656535155416641462252253251254253222050463001055334254256335001356604562614630626111461664354546603053050106056650321052430226350350152351351155554541211153154151216402250251153102526040461263641315404350654
930 330 472 053352153253356250352613562151310152052432156213013540252250251254250223050044013052336102256335504356045603616011545111432666354541304054050512055050521052060202351352152351351152554522511154134152514466154655016543641430344263242525653653121
940 340 498 056352151252336250352613132111010152152432156213523222251251250254053224050444050055356203250335002356005600516630626011161263354556606053050116052256321052030224353356155356330154021042315153154151005454150002056522611031330262242525653653121
950 349 456 056352152253356250352613032051210151652436156213643662250251250254053224050444010055356603254335001355045603616011545111034466354143313053054106050650350052432212350355150352351154214522511151555151014510150552006525113450341200641313123253501
960 315 498 054356153253656251352613062151010151652431153213643662255251250254251220052445210055356206250335002350205333611635421116664664314046402053054246056650366052230214350355150352351154214522511151155151015454150002066622651460343663441325124253611
970 328 484 050352156253336252352313144151010152652431153210643452253253250252253224052545210055356206250335001356101000016535406151664664354046406053644156056252334052431226351356150356351155544522100153156151115454150655241232601046340315513545654653501
980 309 470 054352150255352254353613142151060152614401156213065502252251250254251224053445200055356203250335006353001000015635252116664662314041400053054106051252344052431226351351150353351155540522120153156151115454150515241223116463525261245525654653121
990 330 488 056356153253352250353613142151010156652433154213644152253653251254241220052445213055354203256335002350001000015435255116654654354044404053053136056252304056411256351356150352351155054022510153156151015456154555244232641260363600641311110255126
999 352 488 056356150255356252352616062116010153152433153413002662256255250254251224053445155055356103255354000353046600015635552416654662314031400053054125051352356052431224350355156352351154230542231151155151015456154655243232645260363600644311120255501
