0 -429 20 113222461344165403205064015132205664004143625223503345136110053212646453030634013144546604423444624410442150165420063012025121120025152354535333610545135356166662335452216353243254346564016331640501336451512206442064244113001635046523152001004
10 -232 20 235415061350061426500554444222132513660361121612550425352045005305132360615645051654054625624602050400006605051206241665466046642264615506263411154655053226605156400115142400125164425664030354451413553043253350543630512436511330434141642010206
20 -137 30 510163654442522121112215000466654010600025131165322142355521633406522360015645051654055625624602050631036040014126112340661243334021033204062514466322315566036050212615142450105164425664030304451263523635452350543600512436511630434144542010206
30 -75 20 365635044132234525440331450456454226360361121642550421352045005305132360615645011654055605624602050641036044414126112340661064012521451536540544532532346154466266202160213640215250146554016331665211454546452042163340231362355425402155304313060
40 -80 40 152635044155621121116232061306336226355325131165322141363043241460526665156445053630346050434642450631036605046562255252440634012531360151060664563041240154465040142114244640212250401626036450612111153045252046442064201310301632525206636215636
50 -158 40 110020643312201621111232020166554015500025131164422313115110033336622361410030515623242050104333455631230013235041155252430634012631452065620664553044230164464040142112244255010250401426336450612111153045252042446064246201412425045255302313056
60 -91 50 250635540442502121132241002462654516505026531165432142355416033306622361410045651664045054204602050632036605046563251051440034002531462563620643535532301212425040165166214655210250401446336450512111153025252644462064056241412455045652351443565
70 -84 70 452635044153624121121132040166252015635026155165430142315121633400526310013645404654045056205346455641036044326562255252440224162521254563420641534532361212425043356112544255234250501426336450112125151025252651062064256241112525344655302113636
80 -58 120 153145023254234525440351001466654015655335043106046362122345603405566360600245004654540052205446055631232453265266213352640662012524451533515444535532321012425040151413204256210255402260336453605111153063252046446364242201416456051105036113056
90 -77 60 150133253656622450122112540146632415655335146135255332215646416022262015604645056214045050224302055631230051235655265202640662021321451233513444132512340464445043151413244255612250302426236450112111156022252046661463226201422325344655302546531
100 -69 90 154134624456623453162051101406654012655331043104042362145211653652625560643644404624245050224300050641026002345661261252640012012542446500610646555550123011425140151413254656213255402424332253412311155055252641246364233501601622542206631343531
110 -50 110 154155023053622455240321601126654012255331043100042362145211633216320364613214454614005051224302255631612253215266515052652360012124422233620643022522001112425046151413254256240254412260336113605111153025252541462062251344466356044656302433564
120 -97 110 155155023056622455240320103426654012655331043104042362145241653452620023634645004654045050464602053641066402335653211056640012021546221523315434235552126121442261251413254251240255602260536155605110153225250044020004362201016446051105304665633
130 -67 140 224154323052622656240351101421654002655335245535366361112305413000516134613414004654041021164603055140146002335661661256640012022541432500610446355550523021442264211413254256240455202260336153105114153325250044000004142201016456031405304613634
140 -40 120 054155023056622453442355061466055015655335116134466361121305413643622560614345254014045053224304052141524153265661261226640015612561432500614446355550123121442254251412254256255255432220036153605111153225250641000004342204016456031115304665632
150 -19 140 156135023056666455444352013466665055655131045404242362101043116055622561215645554010244052204606055631066402335653215236640012612563632503252441632032533016642263231413254256255251402260635653605111153225250641040004132001016456521105304665633
160 -29 150 052111023056666455446250021626053015155356243604466312141341053652620023560506354016645051464402050440046402335651661254640012662541422500612444132012543013441203251415234256250255432261336153165113150325210044000104142201116544231031304660633
170 -11 180 054145053056622255346355050466055015150351041204466312141341651651602561445345554010215053264312050161324353205061661266660014412561432503212444135662536033141203251415254251250255436244332153603411153225250630400004142204213446001155364665632
180 -23 170 054115023056633445445255001416053015155351043604466303141641653652620023134656054615645050464312550261324353405661661256650012612540021536215444130034543413140203251415253256250255432253336153105111151226250641040303142641211446001105314633433
190 -26 160 054155022056652445145555001216053015155353043204466011141514350652620023112606553016645253264362050266320353225661661056650012142540033113212454130462562045514203254426250256255255434220032153450111151253250641060044122204064456051101364605214
200 -25 160 055155022356652440444355560466056010155361043204065312145541653462660623514406544515645050464402052161324553605666461553650512612061432522614456340402560426440254254412254256323255432253326153235411153220206630461004342544164456531065362045531
210 14 190 051351053156652256415355620351656614155361043603465312343241623456620013511632554216625253261353050141364353206361661126650212612462452550602424130030543023412203254426250253245255634220032153105166150225251451020004142601213426531065344235613
220 4 230 051651056056051155444655060361355012155163045204010062313641623456624013114056254655635253261332050451024353206263621251655212612460112550612444161132533523412103254426251256250255431203336152145163155125250461454004246506413456055105346261033
230 -8 165 051355013056622450445415010351056015151351210603064312611341633651620053133242515046641253261662050451324355205666661656652512312612436612612144556402246065426303254426250253245255664220034153103166150225263451010004143601213426531065345365033
240 -87 200 051255013054652450445415010355056045155361334603615312141633653442654023114456553315205053261362050450314050206216661156650212612260136643612144556036543065512200254432250252350255436242302153201116150020252431240004131501213422531065345263434
250 -65 180 651355013055652454425453310155056035155261334621566352313341613456600623512602515006616153261461050351313653006232650155630601664011363500312324101232526005512200254432250256320252434202253155101166151213250431450024146506606126533215134103333
260 -25 265 651355012056652450445325412351056054150361334611064313311633653416261222114456553315205053261362050450314050606216661156630212612230136643412144556036543005512200254032250256320252434202255155151166156213253451010005143641213426531063345061013
270 -26 310 651355423055652454444655010156056614154661031153664316641663253660660623133245613546620250031560050330424353206232651656250212616255136633612146556136543026412004250432252250350255436216365153201116156020252331205230121501216142551535134200464
280 -86 250 651355023055652454444655010155056614154361031153664316641663553660660623512116653055604050651332454153654050206216665156056212162112412103213145161332536063412004252532250256300253450162002153220112153153254635450014166501036126543150245206433
290 -12 280 651654012056031250445352010155056614154261013653635316641333653451403643111456253315205053211243050456314050206516665156255556612260114103412144556233543623412004250432252250350225434203252153245152153350254456010005243641613426554245304400233
300 37 295 651655012053031225341435010153056615154461034502465306641333653360403623514306503056620254061243050400314050206510665056350212615262135055614144236036246065512600254331250256330255426146100154264266156213651431010005151303216106543335104603134
310 -8 240 651653223055652455434655030155056614154261043653635316641333652446631643111456543356362053261060050350054354006510315056050512162262135652212144552211543633412300254362250256300255434622252153235112153344251431053624146506034126543050245055633
320 -2 330 651653223055652454444655010155056635154261111653635316644333043360403623511306514356302253261060050320054354062231665052350215615262135652416144556243563062512602254362250256350250436103300154264210153253214435653024116602011126553050145025031
330 60 300 651653213055652454444435010152053611154261013653635646441533553364403623511306543356302055201060056350053355062230660156650212464122135652452445503246543433442340252165253256350255436142500154254210150253214431653024616602031155633634104623134
340 58 390 651653223255652434444651610155056615153261063351432314641333243362403623551306543350002250261060051350254355060230060156351316061415154531432044533645644223112200252363250256350251436102500154464210153253214435003024116602011124553420105550633
350 46 320 651653223055652454441451600155055615152264063353432316641333213362404622561216503056306055201066056350453355062200660154650212615262135654463044533165554655512604255432253252360251456304400154254210153456214136056621116511031124130214146661664
360 49 320 651653221055652054404651610155056615151261263655602314641332243332402433524256563056306055001460056350133355062230660651350512615202133652460061031645541666422004255432253252360255436304150153414610152253214435655023116660261154633115124033654
370 41 330 651653221055652054404651310155056615151261263651602314643330243363002323521236560056306051001060056350133355063250660156250212413262132652433064534645443603105004255432253253350256430325100153414610156253214435003024516253561066653521101061234
380 51 370 651653221055655054404651610153056615151261266653633116242310040360403523651336541350302055305460053356156355063230660156650642615163133646463034132245141606502004251332252250362250330324020153414610152353214435003024546142531156603233313055533
390 85 330 652651241055652054410654610154051613153661034653432116561330243363602323521554663056306055001460055150134325011004612050250321115115135621263044534645443613104060252532250255350251356304336153643110153332214445436611116524016124515231315635650
400 54 380 652651221055052054464614140154051643153661034653432113041533203363002463521256533356306051001360056350133355002230660151350513615262312654543166534643243665402000252162250256650255155304534156555610156351250435003024645145036154663135101155533
410 70 340 652651220055652054404611146153056606151262266643632126541330263643002363521335101356306053301160054350135155660230460151350015615262315653563344632544246656305000252532252256630251152324434156114610156354210415403024546143031156663135101161544
420 74 420 651353201055651054114151140150056615155261264353334315041343243262602355523255563056306054303060054353135155660230460151350565655262315653563344632544246656305000252532252256630251152324434156514610156221254435503616116514016156103235315555533
430 41 385 651353251055656054113151142155356665156260066363362015041346413362614563521345123056306054304065055650434115003230661151150515365612315643563344611044246656104304252462250252630251152300434156114610156154210415433616116514012623603035101161564
440 101 400 652353251050256054113651140150356614155230466363332316052240243353232603411555023055306054301065050350133335065050060151350615315662315650533062533615443650502004255422250256662251152344434156114610156154210115403034544146012142515225215451523
450 125 445 651353200255251056114154140150356614355230466363332416052240143253232603411555566056306054303460055350133330004230660151350115315662315640534062533640246666126405251542250256230251152344434156114630156554210415403030526303230106603330141161525
460 146 460 652353251050256054114551140150356614155230466363312316052060643355532600211654561056336054303465050350533355003250662151450615365642315654531062532615146456105424255422250256062251156344434156114610156166216416603144244643231151662140101161543
470 68 450 652354251051256050614541640153356614155230426363312316052066643355530600211455023055303054305265050350135336065350060151354615315662312654533634632544246656116400252462256252265253152340424156130610156154210115403032544150412132045421515455223
480 142 475 651353051051656050115151160150353614155230416363352616052240553253200603411455023055303054305065050350136336065350060154350615312662315424533264446644446656116440256462256252205253152340424156121610156154210115403032064146012132545221215455523
490 110 470 654353051054654052114551640150351611155230364152312015056240153253230603411555030054666054001065050350333335141155063151310010314562312654541645635544246656116440251402266242265253152340424156136610156154220115440132045046012132545221212455523
500 119 450 652353050055656052113151140150352112155230466363312116050261656255530620211435023055303054001225055350136336065350060151134616314662312654534645612544346656116400252462251256650251150344530151156110156154223145403430154146511642345221101112544
510 110 470 651333050655656056366051440150353614155630465152313316052054651355030600011663561054303054305435050350132330064252050251354115315666312624554645602554246656116400252322256252560251152314500154150210156164220165462032544142012112501021015455523
520 132 490 654353051355656050113151142150153111155230465152313312052054631355030620211455023055313653051005051350630016066353050151354611314662312654620662356605342650116400252452251256046254155543434156134610156152203135462036544142012512543221215455513
530 145 490 653353052055656056316036460150155111155236465163013415062056621355030660113355063005306053051065051306133116060352050151334111316662612654424045112542346646115303250322251256650251152562000154656213156164220115460032540145643112511021015455520
540 169 500 651353050655651056146151142152353604152130466113001110052054651356060660113435462005306053051065050356032636155353052154334114313612612654540045612564346632512136252422255226340254151444420156164610156155223115403440244426311642303261136052623
550 73 460 651353050355055056314051142152351612155233465152333443052054652355030660413453066055345055061065051350320636060354050151352416332652315554531445612520341632612133252462255255340254150444430156164610156555223111603033154146112132343221215455323
560 98 470 652353050655655056611155240153353112155230466613111113052033655056030660116255363055305055060565051012100136060354050151353416352652312504531445302144335656216406252422250256342254151444450156164610156124250135603036164142622603313221215455123
570 187 485 652353056355656054611356124155153614155230465152353443055053651345030562111450663063366053051065050050230316155353052104334114351552313552224244601545246653246406252122250256122554154445633154134610156155223115513044344326311632301021014131305
580 184 490 653353250655650056010156440155153614154330465152613306052023656350030260111450663055305053054165050354410336155354055104334110351656512652500044603545246032526406256422250256323250115344460154454110156124253113411060355162114622303361135051620
590 181 540 653350050655656051611356144155154612155230465152353433052054661356430562342450463155305053052055050354365033003302050164164116351552332655522056122141046654234465254462252253322644154444603154034610156164263111450010355160116624301561335056650
600 177 510 651353051355356052610356124150653612155030565152353443052054661356030462103355633055305051052065250350330334003352050114164216213312312655520053000142236600236006252252251256342256151344633154114610153464253153461060355122114612333244515465320
610 168 500 653350052654655052611356120153153614154330664152611306052053656350030220111305633050305053052025250350300334155152050161352664621612012255620556002541226356216404254662251254042254155351463154014610156463253152401064355163114622333262515451620
620 183 545 651353051355354052614656133155152616155250405152353443052053626350030220111305633060305053052560256350330334105352065161360113303362305655620056002041226336216404254662251254042254155354463154014610156463253153401064306162616633633253365036625
630 201 520 651353051354655051611336124155155616155250405152654443052054664350030661121055633055365053325055220352330330155106052163360113303312305615420056002501546636216404251662251254042254154644443150034610156464253153401064455163116610561121335035323
640 160 490 651353051352354056614356133155152016155250405152353443052053626356050240111315603055304053055065050650330130152106052164120113323313505655125153003542214632326406252162251254152254114645443154034613156464253153451062355163364632166313135065340
650 149 505 651353054352354656654356135155152016155250405152352443052053616356050240111315633055305053055065250650330130151106052163120153303313505655120056002541223336246404252612251254152254154226162150014660156664253155361162341162115310541151235035340
660 142 525 655354054251356056661156133155153016155250205152353443051053526356050240111305633055304052055465250650334131150106052163120166306312502655130056545146226336246504254062251250042654155622203154002610155244253155401144455162561662350212555353340
670 159 490 652355052355356026614356133155152016155250205152353443051053526355051240111305533055304053255060250610530130152106052163120163323313516655550156002542214332346500254002251254000254655413062150014660156461253151315044405162561622350211546443300
680 123 515 652355052355352056656356163155152006155250405152353441052053625365051640411300533055604053150566250650310230150602012163120165406316215656425056242546014302146502254063251254040254155414162154654612156464213155112144136165162521531521255510520
690 123 505 655356051352352056654351132155151226155250425152353141052051624355050241161315643055604053156566650300330330151401052464156162333316506645160052242546104334216454254062251250042654156664162154654610156464254155361144654162561625350211546441300
700 163 510 652356051352352056654351132154155016156050305162353403054053625355051240422321643055306053150666650351530130152000013662232313352313136455560052242516126334216404254062251250042654154111102150016610156064254151351144005162211626642062646643001
710 154 540 651355051352353056634651132154156016150250205152353351052053425355051640412321643055604055055566250650316635150601054163126165406252215051325053002446331532146004254061256250300254155416452150130662152414253155112134105462635645061160255510620
720 185 540 652356051352352054615351133150155016150250205352353343051053604355050240411300641055604055055000250600360100150101052361225163443064611645325053032542624302116362250062251250242251151414162150616510156064254151351044005166201626642064546413341
730 167 510 652356052352354024634355135156153616151251225152153443050053625653051641163625143055604055053061252600360135153151052361220163351313434455560552242146331306116562250013254254342251151410062654616610153564253155112541153133635526050526555403343
740 192 530 652356052351354024654355135156153616151251220152153443050053655353052611163325143055604055665066250400360130150103013662011113356303611661525053032662624531246204251062256254342251155064542154514611256464253155152145142222616130342666636243341
750 143 490 650355054352352656655356132154156213251250146152353443050053626452051661163125143056604055055000256600366100150101052060425163323163615245325650602546334531246604256242252254040254154202362150254612150554254155352141053332635426642065046644002
760 190 515 652356052351354024155361135154156015153055234152356443055053604355050341166135143051604055065000250600360100150304052361225165443064611645426055602546364501246234256062251254032254152134502155553611656442252155362061051434635621663005014654001
770 134 490 652356052351354624655361105154156016153053264152356443055053604355050341163025453056604053050006252652356101150101052361224143303063611605321653132562624531246261254062251252342251155004322150254652156024253135054141654433530426016064510560052
780 144 545 652352051051350624655361105152156016150353264152356443055053445006352641363325143056604053550006252652356101150101052361223143003063611605321653162566136412066302250022251254016254152164502155554611156124253155362064153435630621666505013655001
790 160 530 650356052351053124150361115152156016050353264152356443055053445006352640363325143056604053550006252652166306151304052362625211303063614645335653035236636322266512250662251252342251156004332150254514156125253655155534240503064426631064511653406
800 161 505 652356052355054065655661305154156014152253434152356013055053604355050341143025143051604053050306242652356101150102052361424103303043611605011656132566125312266512250062251250442251151004502150554651155126254151142064153134630426640204040213501
810 154 515 652353052355054065655261305154156004152153564152352413052053604353355641113135156053651053060400252652166106350102052661024143342061611605061603132462436522266512254162250254002253150164502155552611156124253152360064153264650621016503013632001
820 199 550 651351052351054424150361305150156011154255224152313100054050653322250341063222243355654056050306256652356101150103052361424103303043611205325653062236630422266313254005251254442231151064602153555621155111254651142064113434630621340204040255001
830 151 500 651352053351054616150341105154156016151253530352313100054050604355051341113523643055604056020106256652356301150606052362424113603043615665021602032232125312266362250062251250000253150164502156553651155120254151142364123134630426642204040203201
840 178 560 652356050352064616150341105154156016152255224350313100053053604355051346163055543051104056020306021651326101150102052362424601363032611205325653432026526321126613256162251254043250150161506151555653155120254151142364123134530624440503013632001
850 156 540 652356052351052625655361005154156016153053266150313100050050606355651341313523043055604052150404216652356101150102052353424313603023211605425653432026526321136613256162251254043253150461506151555653155150254153142364123134530624440503616632001
860 210 525 652352052351052625655361135154356010151251324152351410054050342662250321062622643055604056050006252652316101150102052362424503343033216605425053062336636321236614254162251254043253150461526151553651156026254151142264146134530524443503616632001
870 157 570 652356050353052632655354135154155056153056566150312250056053413353055646162226633055602051350656254652323100156103052361422146303340610621366453062226520321123613250142251254041243150364402156655653155536256161142434204654530624562205040216201
880 188 550 652356050352055226355361124154155056153056266150312216050050026352256322042226543056604056600600254650323110156154052322424503344030644625545351052226234522255125250022251252053251130114404150351653155120656155042356122334630622545503016610501
890 161 480 650352050352055226355560105154155656153356566156351050054050642352256322042025143055602051650100255152356151150503052361404146603346411205425663062636536320356115250622251254041255152114446154356655150416256155142356122334640620540503016632001
900 186 560 650352052351055626355360105154155656153356566156351055056052423350052623112423143054602051640100250622356101156102052361426101366345411605425050060263520321146115250062251254041255150114404154555150156416256152133054252656630324062454440612041
910 201 515 650352055351056622651356135154155055154355326154351050054051411353255321242232643050606053050000256652356151156104056361404443303346416004426050030626626321136614250642251253004255112114462153351655156416256151133054252656630424620662656235001
920 209 500 652356050352055226352356124154155056152354423150350046054056411353251321242232640050606053050024252652316101156102052301404146604033244304425160060232536320656115252660251252055255152114401153552440152120251651642064554101630324062454430632041
930 211 545 651352052351052022655364135154156654254355321154351454054051411353255321264242543056604006050530256662356155156104056366404443303356416404426050020524236220146155250066211251061253152514422156503650155436256154142116122334630626143204440630241
940 162 480 651352052351054254355561124154155056154355525154351356054060622351255616160501635005606053050030256652363155156104056301434443343242436002326050030001522321646155250642251253004255112114452155301665255226256154142456122334030626143204442630242
950 179 520 652356050352055026356351124154155056152250026152341550056056642353651521262062143053606053050565256152356155156104054224401243303446313004426060420523232301645605250642251251005255152114456155355653156416225151633014455656640616640104240630001
960 136 505 652356055352155226155354135154155055154652520153615056054051411353651421262062143053606053051105256152356155156006056211004443303356416444456050030003232025645615250642251251005255652114456112655053156436255151633014051354614664331204010645003
970 198 570 651351050352255023655351131154152054150355320150662356054056642352656121266352644055606053050565256152356155150106054224001243303446313005426000420503022624640615250642250251005255154240452151351150152236256154142213402654640626642122263630005
980 203 560 651353052352354223455352136154155055154655524351355256054051611353651325262062103053606053050065056162356126156104054264423443303446313000423060420523232001130614256041255256045255150244052151351152156416256156653016362334030326642612263630005
990 219 510 651354050351055620155350635150152004150355366152351056054051611352655621232332644055606053050565266152356155156664051224203443303056413005456050305301550310615645250642251251002253152110456150151150152146256151653016362315630626264022243631242
999 180 530 650355055352056226155350035150152056150055316152151256054051611252656315266062106056601052052105256155344155156104651224203543303442353000456000420403432000130614256062255256045255654244442152331156150526156151336016562315630626264001044630241
